Codmundv			1302603,	1501402,	2111300,	2211001,	2304400,	2408102,	2507507,	2611606,	2704302,	2800308,	2927408,	3106200,	3205309,	3304557,	3509502,	3550308,	4106902,	4205407,	4314902,	5002704,	5103403,	5208707,	5300108,
		Cidade		MANAUS,		BELÉM,		SÃO LUÍS,	TERESINA,	FORTALEZA,	NATAL,		JOÃO PESSOA,	RECIFE, 	MACEIÓ, 	ARACAJU,	SALVADOR,	BELO HORIZONTE,	VITÓRIA,	RIO DE JANEIRO,	CAMPINAS,	SÃO PAULO,	CURITIBA,	FLORIANÓPOLIS,	PORTO ALEGRE,	CAMPO GRANDE,	CUIABÁ, 	GOIÂNIA,	BRASÍLIA,
1100122,	JI-PARANÁ,	06.21,         	09.01,         	09.20,         	08.44,         	08.39,         	08.30,         	10.27,         	08.25,         	08.50,         	10.55,         	11.40,         	05.13,         	06.55,         	06.42,         	07.00,         	05.25,         	05.33,         	08.08,         	06.43,         	03.30,         	01.14,         	04.21,         	04.44,         
1100205,	PORTO VELHO,	01.20,         	03.48,         	10.08,         	08.40,         	07.25,         	09.35,         	09.15,         	07.57,         	09.30,         	07.35,         	06.54,         	03.17,         	05.50,         	05.13,         	05.24,         	04.35,         	06.03,         	07.03,         	05.53,         	03.32,         	01.40,         	05.38,         	03.46,         
1100304,	VILHENA,	07.20,         	10.00,         	09.25,         	08.49,         	08.44,         	08.35,         	13.50,         	08.30,         	08.55,         	11.00,         	08.49,         	05.18,         	07.00,         	06.47,         	07.05,         	04.20,         	05.38,         	08.13,         	05.38,         	03.35,         	01.20,         	09.00,         	04.49,         
1200203,	CRUZEIRO DO SUL,04.27,         	08.05,         	-1,            	12.40,         	10.30,         	12.20,         	-1,            	10.37,         	13.20,         	12.40,         	09.40,         	08.18,         	14.05,         	08.38,         	11.04,         	08.35,         	09.45,         	11.40,         	11.00,         	12.15,         	-1,            	-1,            	05.41,         
1200401,	RIO BRANCO,	02.47,         	06.30,         	08.57,         	08.29,         	08.24,         	08.15,         	10.12,         	07.55,         	08.35,         	07.55,         	05.58,         	04.47,         	06.45,         	05.25,         	06.54,         	06.15,         	07.28,         	08.28,         	07.33,         	08.17,         	03.20,         	08.15,         	04.01,         
1302603,	MANAUS,		-1,     		02.00,         	05.30,         	06.34,         	04.20,         	06.20,         	08.17,         	06.07,         	06.40,         	06.07,         	05.06,         	03.37,         	05.30,         	05.02,         	05.45,         	04.40,         	05.53,         	06.48,         	06.35,         	05.27,         	03.25,         	06.45,         	03.48,         
1303403,	PARINTINS,	01.02,         	03.55,         	12.55,         	14.00,         	08.15,         	12.10,         	15.55,         	09.57,         	14.10,         	09.35,         	08.16,         	10.06,         	08.52,         	07.30,         	13.25,         	10.39,         	12.28,         	11.20,         	12.23,         	10.05,         	12.00,         	12.40,         	08.20,         
1304062,	TABATINGA,	02.40,         	21.00,         	20.53,         	35.05,         	21.11,         	22.55,         	23.15,         	19.22,         	21.15,         	19.38,         	18.05,         	15.49,         	15.17,         	14.39,         	19.50,         	16.30,         	17.05,         	17.45,         	18.17,         	16.30,         	12.55,         	19.02,         	15.31,         
1304203,	TEFÉ,		01.20,         	05.00,         	11.25,         	11.55,         	07.28,         	09.45,         	12.32,         	09.14,         	10.55,         	12.05,         	08.18,         	06.57,         	09.00,         	08.17,         	09.05,         	08.52,         	09.13,         	10.13,         	09.55,         	11.47,         	11.55,         	11.00,         	05.41,         
1400100,	BOA VISTA,	01.17,         	05.05,         	09.10,         	08.34,         	07.25,         	08.20,         	10.17,         	08.15,         	08.40,         	09.10,         	08.45,         	07.23,         	07.30,         	06.50,         	08.51,         	06.35,         	06.52,         	09.10,         	09.48,         	09.32,         	08.05,         	08.45,         	05.33,         
1500602,	ALTAMIRA,	02.27,         	01.10,         	05.30,         	12.44,         	07.15,         	11.15,         	15.30,         	09.02,         	12.50,         	08.40,         	07.21,         	08.37,         	10.30,         	07.22,         	10.58,         	07.54,         	09.24,         	09.05,         	10.28,         	08.10,         	11.05,         	10.42,         	05.35,         
1501402,	BELÉM,		02.00,         	-1,            	00.57,         	05.15,         	01.48,         	04.05,         	07.29,         	03.30,         	06.05,         	03.55,         	02.36,         	03.59,         	05.40,         	03.34,         	05.49,         	03.20,         	05.38,         	05.57,         	06.10,         	05.25,         	04.43,         	03.00,         	02.16,         
1504208,	MARABÁ,		03.30,         	00.57,         	03.35,         	07.00,         	05.08,         	08.00,         	09.27,         	06.13,         	07.40,         	09.30,         	05.43,         	02.19,         	06.25,         	03.58,         	04.09,         	04.09,         	04.54,         	06.22,         	05.20,         	06.35,         	03.20,         	04.10,         	01.52,         
1506807,	SANTARÉM,	01.10,         	01.19,         	02.47,         	08.02,         	04.27,         	06.58,         	09.45,         	06.10,         	10.30,         	05.55,         	04.36,         	06.18,         	07.45,         	05.45,         	08.54,         	05.25,         	07.45,         	07.55,         	07.28,         	07.55,         	03.50,         	07.13,         	02.45,         
1600303,	MACAPÁ,		04.05,         	00.45,         	02.40,         	07.40,         	04.30,         	08.30,         	09.35,         	06.10,         	08.30,         	06.50,         	05.31,         	06.34,         	08.05,         	04.57,         	08.13,         	05.00,         	07.55,         	08.05,         	07.39,         	07.57,         	06.30,         	06.00,         	03.41,         
1721000,	PALMAS,		04.33,         	06.08,         	06.38,         	05.48,         	07.25,         	06.53,         	04.25,         	05.13,         	06.53,         	06.05,         	03.43,         	03.01,         	04.30,         	03.49,         	06.25,         	02.25,         	04.24,         	04.55,         	04.35,         	03.05,         	03.25,         	01.10,         	01.03,         
2105302,	IMPERATRIZ,	04.35,         	05.20,         	00.55,         	04.45,         	05.22,         	05.40,         	06.40,         	05.25,         	05.35,         	07.40,         	05.44,         	04.10,         	04.50,         	04.00,         	04.08,         	04.08,         	04.40,         	05.48,         	08.45,         	05.25,         	03.35,         	05.05,         	01.53,         
2111300,	SÃO LUÍS,	03.25,         	01.00,         	-1,            	00.50,         	01.10,         	07.10,         	07.20,         	02.50,         	07.00,         	04.40,         	04.45,         	02.49,         	04.55,         	03.25,         	04.50,         	03.25,         	05.05,         	06.08,         	05.32,         	05.07,         	05.10,         	04.37,         	02.15,         
2211001,	TERESINA,	05.30,         	04.00,         	00.50,         	-1,            	00.58,         	05.36,         	06.35,         	04.50,         	05.30,         	07.35,         	04.45,         	04.07,         	06.25,         	03.02,         	06.14,         	03.00,         	04.54,         	05.50,         	06.10,         	05.20,         	03.30,         	03.50,         	01.59,         
2304400,	FORTALEZA,	02.18,         	01.47,         	00.48,         	01.00,         	-1,            	00.55,         	05.40,         	01.05,         	04.30,         	02.43,         	01.40,         	03.00,         	05.45,         	03.17,         	04.48,         	03.28,         	05.14,         	05.50,         	05.38,         	04.54,         	04.38,         	04.08,         	02.35,         
2307304,	JUAZEIRO DO NORTE,	05.30,         	04.00,         	02.35,         	02.35,         	00.46,         	-1,            	-1,            	01.13,         	-1,            	07.12,         	01.06,         	04.16,         	07.55,         	04.28,         	06.33,         	03.05,         	05.06,         	06.25,         	05.27,         	04.24,         	04.10,         	06.10,         	02.15,         
2408102,	NATAL,		06.15,         	04.40,         	03.10,         	04.15,         	00.56,         	-1,            	07.00,         	00.40,         	08.22,         	02.20,         	01.28,         	03.43,         	05.00,         	03.02,         	06.03,         	03.15,         	05.33,         	05.30,         	06.15,         	05.45,         	05.38,         	03.55,         	06.39,         
2504009,	CAMPINA GRANDE,	09.59,         	05.50,         	08.30,         	09.10,         	03.25,         	-1,            	-1,            	00.43,         	-1,            	11.35,         	01.15,         	03.32,         	05.25,         	04.36,         	07.30,         	05.10,         	07.33,         	07.20,         	08.12,         	08.35,         	06.45,         	05.25,         	03.40,         
2507507,	JOÃO PESSOA,	06.45,         	06.00,         	06.40,         	05.50,         	05.00,         	07.05,         	-1,            	03.10,         	07.25,         	07.20,         	01.30,         	04.00,         	04.48,         	02.45,         	05.00,         	03.00,         	05.10,         	05.28,         	06.05,         	04.40,         	05.10,         	04.30,         	02.38,         
2605459,	FERNANDO DE NORONHA,	05.45,         	04.55,         	04.15,         	06.15,         	02.20,         	01.10,         	08.32,         	01.00,         	06.55,         	03.40,         	05.15,         	03.23,         	05.45,         	03.41,         	05.03,         	04.15,         	05.35,         	06.25,         	07.30,         	06.47,         	05.15,         	05.15,         	02.54,         
2611101,	PETROLINA,	06.45,         	06.05,         	04.35,         	07.07,         	02.55,         	05.32,         	09.02,         	00.59,         	07.57,         	05.32,         	01.14,         	05.05,         	06.32,         	04.36,         	06.40,         	04.25,         	07.03,         	07.07,         	08.52,         	07.35,         	05.57,         	07.55,         	04.07,         
2611606,	RECIFE,		04.40,         	03.45,         	06.00,         	03.20,         	01.10,         	00.39,         	04.00,         	-1,            	02.50,         	01.05,         	01.08,         	02.37,         	04.30,         	02.27,         	04.29,         	03.13,         	04.43,         	05.30,         	05.10,         	04.10,         	04.15,         	04.00,         	02.20,         
2704302,	MACEIÓ,		05.28,         	06.25,         	08.18,         	05.50,         	04.35,         	07.30,         	07.45,         	02.45,         	-1,            	00.40,         	01.00,         	03.15,         	04.50,         	02.41,         	05.23,         	03.05,         	04.52,         	05.44,         	05.24,         	05.45,         	04.10,         	04.20,         	02.14,         
2800308,	ARACAJU,	06.11,         	05.55,         	04.55,         	06.33,         	03.00,         	02.20,         	07.21,         	00.53,         	07.23,         	-1,            	00.40,         	02.05,         	04.40,         	02.22,         	04.43,         	02.40,         	04.53,         	05.28,         	05.07,         	05.00,         	04.55,         	04.43,         	02.08,         
2903201,	BARREIRAS,	05.08,         	06.43,         	06.03,         	06.23,         	05.36,         	04.25,         	07.48,         	05.48,         	03.55,         	03.15,         	01.20,         	03.58,         	06.23,         	03.36,         	-1,            	03.45,         	04.59,         	06.28,         	04.50,         	05.13,         	03.23,         	05.03,         	00.51,         
2913606,	ILHÉUS		07.15,         	04.30,         	08.52,         	08.15,         	06.46,         	08.34,         	10.30,         	04.35,         	08.53,         	09.10,         	00.39,         	01.35,         	01.15,         	03.48,         	06.35,         	02.02,         	04.25,         	06.00,         	03.52,         	04.01,         	06.49,         	05.15,         	01.32,         
2925303,	PORTO SEGURO,	06.55,         	07.30,         	05.10,         	06.10,         	04.32,         	04.20,         	07.47,         	05.30,         	04.10,         	02.58,         	00.53,         	01.02,         	05.03,         	01.51,         	06.08,         	01.50,         	03.42,         	04.50,         	04.15,         	03.47,         	04.37,         	04.25,         	03.30,         
2927408,	SALVADOR,	04.20,         	02.44,         	04.42,         	03.22,         	01.35,         	01.30,         	01.26,         	01.07,         	01.00,         	00.45,         	-1,            	01.31,         	02.37,         	02.02,         	03.33,         	02.18,         	02.58,         	04.10,         	04.40,         	03.30,         	03.33,         	02.13,         	01.41,         
2933307,	VITÓRIA DA CONQUISTA,	07.25,         	07.10,         	07.50,         	08.29,         	03.36,         	06.45,         	10.12,         	03.30,         	06.35,         	02.33,         	00.40,         	01.45,         	04.40,         	04.43,         	05.05,         	01.55,         	03.53,         	08.05,         	06.09,         	04.25,         	05.45,         	06.50,         	03.45,         
3104007,	ARAXÁ,		07.20,         	06.15,         	08.25,         	07.49,         	07.44,         	07.15,         	05.40,         	06.20,         	07.55,         	09.05,         	06.32,         	00.50,         	06.16,         	03.10,         	05.25,         	01.20,         	04.58,         	06.39,         	05.02,         	06.37,         	04.40,         	05.42,         	04.14,         
3106200,	BELO HORIZONTE,	02.35,         	04.22,         	02.51,         	04.10,         	02.54,         	02.50,         	03.26,         	02.13,         	03.06,         	01.56,         	01.29,         	-1,            	00.55,         	00.48,         	01.12,         	01.02,         	01.33,         	01.41,         	02.07,         	02.38,         	02.10,         	01.20,         	01.11,         
3127701,	GOVERNADOR VALADARES,	08.50,         	07.30,         	09.35,         	09.35,         	06.57,         	09.05,         	08.27,         	07.05,         	08.45,         	08.00,         	05.55,         	00.50,         	00.50,         	02.13,         	02.50,         	02.35,         	04.21,         	06.20,         	06.15,         	06.52,         	05.40,         	05.45,         	06.06,         
3131307,	IPATINGA,	14.50,         	12.05,         	-1,            	-1,            	-1,            	-1,            	-1,            	05.40,         	-1,            	08.20,         	05.00,         	00.35,         	01.35,         	02.58,         	02.50,         	01.50,         	06.01,         	07.22,         	07.55,         	06.25,         	05.55,         	06.40,         	05.25,         
3136702,	JUIZ DE FORA,	06.15,         	08.00,         	08.00,         	09.00,         	06.57,         	07.10,         	06.50,         	06.15,         	07.25,         	06.50,         	04.50,         	00.50,         	03.55,         	00.35,         	05.09,         	01.40,         	02.47,         	06.15,         	04.07,         	03.50,         	04.03,         	03.30,         	03.42,         
3143302,	MONTES CLAROS,	06.05,         	06.55,         	05.24,         	08.15,         	06.25,         	08.00,         	07.05,         	04.27,         	05.20,         	04.05,         	01.15,         	00.48,         	02.45,         	04.25,         	03.00,         	02.45,         	04.20,         	05.00,         	05.57,         	05.50,         	04.40,         	03.25,         	03.00,         
3170107,	UBERABA,	05.25,         	08.32,         	07.30,         	07.00,         	05.10,         	07.15,         	07.50,         	06.08,         	07.35,         	06.50,         	04.54,         	01.00,         	08.22,         	04.22,         	10.05,         	05.20,         	08.09,         	03.40,         	04.35,         	03.10,         	03.20,         	03.35,         	01.52,         
3170206,	UBERLÂNDIA,	04.40,         	07.10,         	06.45,         	06.30,         	04.25,         	06.30,         	05.05,         	04.59,         	06.40,         	06.05,         	03.14,         	00.55,         	04.40,         	01.24,         	04.28,         	01.05,         	03.05,         	03.50,         	04.37,         	03.50,         	01.52,         	00.27,         	00.43,         
3205309,	VITÓRIA,	04.30,         	05.05,         	04.58,         	07.30,         	04.55,         	05.03,         	07.45,         	04.22,         	04.58,         	04.00,         	02.40,         	01.00,         	-1,            	00.55,         	02.39,         	01.12,         	03.12,         	03.32,         	04.07,         	02.37,         	03.30,         	02.47,         	01.38,         
3302403,	MACAÉ,		12.50,         	13.10,         	13.55,         	13.19,         	10.45,         	12.15,         	12.35,         	09.21,         	11.25,         	11.35,         	04.47,         	02.06,         	01.30,         	00.47,         	09.00,         	06.31,         	04.37,         	05.52,         	07.33,         	12.07,         	07.30,         	04.07,         	05.36,         
3304557,	RIO DE JANEIRO,	03.01,         	03.32,         	03.20,         	03.00,         	03.06,         	03.01,         	04.28,         	02.38,         	02.39,         	02.15,         	01.52,         	00.46,         	00.53,         	-1,            	00.56,         	00.43,         	01.11,         	01.33,         	01.54,         	01.10,         	02.47,         	01.37,         	01.27,         
3502804,	ARAÇATUBA,	07.50,         	06.05,         	06.25,         	08.19,         	06.00,         	06.20,         	06.10,         	06.50,         	07.20,         	08.40,         	06.23,         	03.40,         	06.25,         	04.48,         	06.45,         	01.25,         	05.28,         	04.05,         	03.17,         	02.30,         	02.47,         	04.20,         	03.38,         
3506003,	BAURU,		10.25,         	09.30,         	08.40,         	11.15,         	07.20,         	09.10,         	08.32,         	05.53,         	10.10,         	07.25,         	05.13,         	03.03,         	07.20,         	02.58,         	-1,            	00.51,         	03.10,         	04.10,         	03.18,         	06.07,         	03.00,         	05.00,         	03.30,         
3509502,	CAMPINAS,	04.14,         	05.25,         	05.13,         	05.01,         	04.41,         	05.05,         	05.15,         	04.16,         	04.35,         	03.54,         	03.18,         	01.03,         	02.33,         	01.00,         	-1,            	-1,            	00.52,         	01.09,         	01.25,         	00.27,         	01.10,         	01.19,         	01.31,         
3541406,	PRESIDENTE PRUDENTE,	07.05,         	08.11,         	09.10,         	09.30,         	08.43,         	09.10,         	10.25,         	05.53,         	09.05,         	08.00,         	04.55,         	03.23,         	04.50,         	02.48,         	02.35,         	01.09,         	01.13,         	03.00,         	03.14,         	01.45,         	00.30,         	03.35,         	04.02,         
3543402,	RIBEIRÃO PRETO,	04.43,         	05.15,         	05.24,         	06.05,         	05.03,         	06.15,         	07.05,         	04.27,         	05.20,         	04.05,         	05.14,         	00.53,         	02.55,         	01.05,         	05.19,         	00.40,         	01.15,         	03.08,         	01.54,         	02.37,         	03.50,         	01.08,         	01.09,         
3549805,	SÃO JOSÉ DO RIO PRETO,	04.50,         	05.43,         	06.00,         	06.20,         	05.03,         	05.50,         	05.08,         	04.52,         	07.23,         	06.55,         	03.55,         	01.55,         	03.45,         	03.06,         	05.19,         	01.53,         	03.05,         	03.48,         	03.30,         	02.50,         	00.33,         	03.20,         	00.59,         
3549904,	SÃO JOSÉ DOS CAMPOS,	06.50,         	07.40,         	06.09,         	12.10,         	09.15,         	07.03,         	07.52,         	05.12,         	06.05,         	04.50,         	05.55,         	01.58,         	02.20,         	00.40,         	05.26,         	03.00,         	05.10,         	05.55,         	02.39,         	06.08,         	06.00,         	03.13,         	04.33,         
3550308,	SÃO PAULO,	02.50,         	03.30,         	03.22,         	02.51,         	03.07,         	03.30,         	03.05,         	02.52,         	02.50,         	02.35,         	02.05,         	00.39,         	01.17,         	00.50,         	-1,            	-1,            	00.47,         	00.55,         	01.18,         	00.40,         	01.30,         	01.19,         	01.25,         
4106902,	CURITIBA,	04.29,         	05.11,         	04.40,         	04.36,         	05.05,         	04.53,         	04.57,         	04.09,         	04.43,         	04.12,         	02.42,         	01.16,         	03.02,         	01.05,         	00.48,         	00.47,         	-1,            	00.30,         	00.49,         	00.30,         	02.02,         	01.35,         	01.40,         
4108304,	FOZ DO IGUAÇU,	06.05,         	06.40,         	08.17,         	07.20,         	06.35,         	06.35,         	07.25,         	05.28,         	05.40,         	05.45,         	04.24,         	03.52,         	03.50,         	01.55,         	02.35,         	01.25,         	00.53,         	03.40,         	01.10,         	03.58,         	00.58,         	03.35,         	03.26,         
4113700,	LONDRINA,	06.05,         	06.37,         	06.21,         	08.20,         	06.12,         	07.15,         	07.05,         	05.24,         	05.30,         	05.02,         	04.15,         	02.27,         	03.52,         	02.20,         	00.38,         	00.38,         	00.45,         	03.20,         	01.08,         	01.15,         	00.40,         	03.50,         	01.26,         
4115200,	MARINGÁ,	06.05,         	07.00,         	07.20,         	07.20,         	05.53,         	07.15,         	06.40,         	05.46,         	07.20,         	07.40,         	05.25,         	03.21,         	04.35,         	02.53,         	02.20,         	01.10,         	00.31,         	02.23,         	02.30,         	01.10,         	00.40,         	04.35,         	03.28,         
4204202,	CHAPECÓ,	07.30,         	08.17,         	10.20,         	09.40,         	08.08,         	08.07,         	07.43,         	07.02,         	07.45,         	08.00,         	05.45,         	04.26,         	07.00,         	04.25,         	08.05,         	02.21,         	01.14,         	00.55,         	01.12,         	03.50,         	03.30,         	05.30,         	04.40,         
4204608,	CRICIÚMA,	08.10,         	07.05,         	11.30,         	11.30,         	08.52,         	08.05,         	06.30,         	07.10,         	06.55,         	09.55,         	06.45,         	06.35,         	08.27,         	06.35,         	12.35,         	02.35,         	05.02,         	07.19,         	00.55,         	07.27,         	05.50,         	08.15,         	05.04,         
4205407,	FLORIANÓPOLIS,	05.05,         	06.15,         	06.02,         	05.40,         	06.05,         	06.05,         	05.20,         	04.55,         	05.20,         	05.10,         	04.10,         	02.24,         	03.24,         	01.29,         	04.00,         	00.51,         	00.38,         	-1,            	00.57,         	02.30,         	03.29,         	03.15,         	02.01,         
4209003,	JOAÇABA,	13.22,         	12.52,         	15.05,         	14.26,         	10.37,         	12.42,         	12.17,         	09.10,         	12.32,         	11.17,         	08.30,         	05.25,         	09.07,         	05.27,         	12.40,         	03.21,         	01.37,         	06.47,         	02.15,         	06.32,         	10.18,         	07.24,         	07.55,         
4209102,	JOINVILLE,	06.55,         	05.50,         	07.47,         	06.25,         	07.37,         	06.50,         	05.15,         	05.55,         	05.34,         	06.54,         	04.19,         	02.55,         	03.30,         	02.38,         	05.04,         	00.55,         	03.41,         	03.46,         	02.05,         	02.40,         	02.53,         	03.25,         	03.23,         
4211306,	NAVEGANTES,	08.24,         	07.20,         	07.27,         	06.55,         	06.35,         	07.15,         	07.50,         	06.07,         	07.25,         	04.35,         	04.35,         	02.52,         	03.50,         	01.24,         	07.00,         	00.54,         	01.19,         	04.52,         	01.04,         	02.40,         	03.06,         	03.20,         	03.40,         
4305108,	CAXIAS DO SUL,	08.25,         	07.45,         	09.55,         	09.15,         	-1,            	09.10,         	07.30,         	08.00,         	08.50,         	08.20,         	05.03,         	04.04,         	04.30,         	03.08,         	03.40,         	01.27,         	00.39,         	03.20,         	-1,            	03.10,         	05.10,         	04.40,         	04.01,         
4314100,	PASSO FUNDO,	17.25,         	14.20,         	13.20,         	15.54,         	12.05,         	14.10,         	13.45,         	07.20,         	14.00,         	09.02,         	05.30,         	04.59,         	10.35,         	06.55,         	15.11,         	01.50,         	03.05,         	08.15,         	00.45,         	06.14,         	05.30,         	08.52,         	04.33,         
4314407,	PELOTAS,	09.13,         	08.43,         	10.53,         	10.17,         	08.45,         	08.33,         	08.08,         	07.28,         	08.23,         	10.26,         	06.13,         	05.17,         	06.51,         	03.19,         	08.31,         	03.03,         	03.01,         	04.11,         	00.45,         	08.41,         	06.30,         	06.33,         	06.04,         
4314902,	PORTO ALEGRE,	05.33,         	05.29,         	05.33,         	05.16,         	05.48,         	05.58,         	05.30,         	05.08,         	05.58,         	04.48,         	04.33,         	02.03,         	03.38,         	01.51,         	02.38,         	01.17,         	00.56,         	00.51,         	-1,            	02.07,         	03.15,         	03.32,         	02.15,         
4315602,	RIO GRANDE,	09.55,         	09.25,         	11.35,         	10.59,         	09.27,         	09.15,         	08.50,         	08.07,         	09.05,         	11.01,         	06.55,         	05.59,         	06.11,         	03.54,         	09.13,         	03.17,         	03.43,         	03.31,         	00.55,         	08.01,         	05.50,         	07.08,         	06.46,         
5002704,	CAMPO GRANDE,	05.20,         	07.13,         	07.24,         	07.10,         	06.32,         	06.59,         	06.45,         	06.05,         	05.35,         	06.05,         	05.50,         	04.27,         	06.00,         	03.00,         	03.55,         	02.26,         	02.20,         	04.10,         	04.01,         	-1,            	01.05,         	02.12,         	02.31,         
5003207,	CORUMBÁ,	09.20,         	09.35,         	11.40,         	11.40,         	09.02,         	11.10,         	11.50,         	09.10,         	10.50,         	10.05,         	15.16,         	08.00,         	-1,            	07.13,         	08.23,         	05.50,         	05.38,         	08.13,         	07.52,         	01.00,         	05.34,         	-1,            	09.15,         
5003702,	DOURADOS,	08.40,         	11.28,         	09.45,         	17.59,         	14.10,         	09.30,         	08.05,         	07.03,         	09.50,         	09.05,         	06.23,         	05.40,         	06.00,         	04.24,         	03.45,         	02.25,         	02.23,         	10.55,         	08.35,         	00.35,         	02.30,         	07.18,         	05.55,         
5100250,	ALTA FLORESTA,	06.01,         	03.11,         	09.30,         	08.54,         	08.49,         	08.40,         	10.37,         	08.35,         	09.00,         	07.46,         	06.27,         	05.23,         	07.05,         	06.46,         	07.10,         	05.05,         	05.43,         	08.18,         	06.23,         	03.40,         	01.40,         	03.40,         	03.30,         
5103403,	CUIABÁ, 	03.33,         	05.40,         	05.33,         	05.05,         	05.29,         	05.20,         	05.40,         	04.55,         	05.40,         	05.55,         	04.50,         	03.03,         	04.30,         	03.37,         	04.25,         	02.25,         	02.36,         	05.22,         	03.38,         	03.40,         	-1,            	01.18,         	02.26,         
5107602,	RONDONÓPOLIS,	05.40,         	10.35,         	12.45,         	12.09,         	08.20,         	10.25,         	08.20,         	06.53,         	10.15,         	09.00,         	06.13,         	05.40,         	10.20,         	06.56,         	04.48,         	03.05,         	03.13,         	04.38,         	07.04,         	05.40,         	00.26,         	03.03,         	03.54,         
5208707,	GOIÂNIA,	03.10,         	04.55,         	05.30,         	03.35,         	04.23,         	04.15,         	05.20,         	03.53,         	04.35,         	04.15,         	02.10,         	01.11,         	02.48,         	01.39,         	02.43,         	01.15,         	01.27,         	03.30,         	03.42,         	01.12,         	01.20,         	-1,            	00.29,         
5300108,	BRASÍLIA,	01.44,         	02.25,         	05.14,         	02.09,         	02.20,         	02.44,         	02.23,         	02.28,         	02.20,         	02.13,         	01.40,         	01.13,         	01.35,         	01.19,         	01.22,         	01.22,         	01.47,         	02.03,         	02.22,         	01.28,         	00.32,         	00.37,         	-1,            
